           1           1           1
           1           2           2
           1           3           5
           1           4           6
           1           5          26
           1           6          27
           1           7          28
           1           8          29
           1           9          30
           2           1           2
           2           2           3
           2           3           6
           2           4           7
           2           5          31
           2           6          32
           2           7          27
           2           8          33
           2           9          34
           3           1           3
           3           2           4
           3           3           7
           3           4           8
           3           5          35
           3           6          36
           3           7          32
           3           8          37
           3           9          38
           4           1           4
           4           2          17
           4           3           8
           4           4          18
           4           5          39
           4           6          40
           4           7          36
           4           8          41
           4           9          42
           5           1           5
           5           2           6
           5           3           9
           5           4          10
           5           5          29
           5           6          43
           5           7          44
           5           8          45
           5           9          46
           6           1           6
           6           2           7
           6           3          10
           6           4          11
           6           5          33
           6           6          47
           6           7          43
           6           8          48
           6           9          49
           7           1           7
           7           2           8
           7           3          11
           7           4          12
           7           5          37
           7           6          50
           7           7          47
           7           8          51
           7           9          52
           8           1           8
           8           2          18
           8           3          12
           8           4          19
           8           5          41
           8           6          53
           8           7          50
           8           8          54
           8           9          55
           9           1           9
           9           2          10
           9           3          13
           9           4          14
           9           5          45
           9           6          56
           9           7          57
           9           8          58
           9           9          59
          10           1          10
          10           2          11
          10           3          14
          10           4          15
          10           5          48
          10           6          60
          10           7          56
          10           8          61
          10           9          62
          11           1          11
          11           2          12
          11           3          15
          11           4          16
          11           5          51
          11           6          63
          11           7          60
          11           8          64
          11           9          65
          12           1          12
          12           2          19
          12           3          16
          12           4          20
          12           5          54
          12           6          66
          12           7          63
          12           8          67
          12           9          68
          13           1          13
          13           2          14
          13           3          21
          13           4          22
          13           5          58
          13           6          69
          13           7          70
          13           8          71
          13           9          72
          14           1          14
          14           2          15
          14           3          22
          14           4          23
          14           5          61
          14           6          73
          14           7          69
          14           8          74
          14           9          75
          15           1          15
          15           2          16
          15           3          23
          15           4          24
          15           5          64
          15           6          76
          15           7          73
          15           8          77
          15           9          78
          16           1          16
          16           2          20
          16           3          24
          16           4          25
          16           5          67
          16           6          79
          16           7          76
          16           8          80
          16           9          81
