           1           1           1
           1           2           2
           1           3          13
           1           4          14
           1           5         170
           1           6         171
           1           7         172
           1           8         173
           1           9         174
           2           1           2
           2           2           3
           2           3          14
           2           4          15
           2           5         175
           2           6         176
           2           7         171
           2           8         177
           2           9         178
           3           1           3
           3           2           4
           3           3          15
           3           4          16
           3           5         179
           3           6         180
           3           7         176
           3           8         181
           3           9         182
           4           1           4
           4           2           5
           4           3          16
           4           4          17
           4           5         183
           4           6         184
           4           7         180
           4           8         185
           4           9         186
           5           1           5
           5           2           6
           5           3          17
           5           4          18
           5           5         187
           5           6         188
           5           7         184
           5           8         189
           5           9         190
           6           1           6
           6           2           7
           6           3          18
           6           4          19
           6           5         191
           6           6         192
           6           7         188
           6           8         193
           6           9         194
           7           1           7
           7           2           8
           7           3          19
           7           4          20
           7           5         195
           7           6         196
           7           7         192
           7           8         197
           7           9         198
           8           1           8
           8           2           9
           8           3          20
           8           4          21
           8           5         199
           8           6         200
           8           7         196
           8           8         201
           8           9         202
           9           1           9
           9           2          10
           9           3          21
           9           4          22
           9           5         203
           9           6         204
           9           7         200
           9           8         205
           9           9         206
          10           1          10
          10           2          11
          10           3          22
          10           4          23
          10           5         207
          10           6         208
          10           7         204
          10           8         209
          10           9         210
          11           1          11
          11           2          12
          11           3          23
          11           4          24
          11           5         211
          11           6         212
          11           7         208
          11           8         213
          11           9         214
          12           1          12
          12           2         145
          12           3          24
          12           4         146
          12           5         215
          12           6         216
          12           7         212
          12           8         217
          12           9         218
          13           1          13
          13           2          14
          13           3          25
          13           4          26
          13           5         173
          13           6         219
          13           7         220
          13           8         221
          13           9         222
          14           1          14
          14           2          15
          14           3          26
          14           4          27
          14           5         177
          14           6         223
          14           7         219
          14           8         224
          14           9         225
          15           1          15
          15           2          16
          15           3          27
          15           4          28
          15           5         181
          15           6         226
          15           7         223
          15           8         227
          15           9         228
          16           1          16
          16           2          17
          16           3          28
          16           4          29
          16           5         185
          16           6         229
          16           7         226
          16           8         230
          16           9         231
          17           1          17
          17           2          18
          17           3          29
          17           4          30
          17           5         189
          17           6         232
          17           7         229
          17           8         233
          17           9         234
          18           1          18
          18           2          19
          18           3          30
          18           4          31
          18           5         193
          18           6         235
          18           7         232
          18           8         236
          18           9         237
          19           1          19
          19           2          20
          19           3          31
          19           4          32
          19           5         197
          19           6         238
          19           7         235
          19           8         239
          19           9         240
          20           1          20
          20           2          21
          20           3          32
          20           4          33
          20           5         201
          20           6         241
          20           7         238
          20           8         242
          20           9         243
          21           1          21
          21           2          22
          21           3          33
          21           4          34
          21           5         205
          21           6         244
          21           7         241
          21           8         245
          21           9         246
          22           1          22
          22           2          23
          22           3          34
          22           4          35
          22           5         209
          22           6         247
          22           7         244
          22           8         248
          22           9         249
          23           1          23
          23           2          24
          23           3          35
          23           4          36
          23           5         213
          23           6         250
          23           7         247
          23           8         251
          23           9         252
          24           1          24
          24           2         146
          24           3          36
          24           4         147
          24           5         217
          24           6         253
          24           7         250
          24           8         254
          24           9         255
          25           1          25
          25           2          26
          25           3          37
          25           4          38
          25           5         221
          25           6         256
          25           7         257
          25           8         258
          25           9         259
          26           1          26
          26           2          27
          26           3          38
          26           4          39
          26           5         224
          26           6         260
          26           7         256
          26           8         261
          26           9         262
          27           1          27
          27           2          28
          27           3          39
          27           4          40
          27           5         227
          27           6         263
          27           7         260
          27           8         264
          27           9         265
          28           1          28
          28           2          29
          28           3          40
          28           4          41
          28           5         230
          28           6         266
          28           7         263
          28           8         267
          28           9         268
          29           1          29
          29           2          30
          29           3          41
          29           4          42
          29           5         233
          29           6         269
          29           7         266
          29           8         270
          29           9         271
          30           1          30
          30           2          31
          30           3          42
          30           4          43
          30           5         236
          30           6         272
          30           7         269
          30           8         273
          30           9         274
          31           1          31
          31           2          32
          31           3          43
          31           4          44
          31           5         239
          31           6         275
          31           7         272
          31           8         276
          31           9         277
          32           1          32
          32           2          33
          32           3          44
          32           4          45
          32           5         242
          32           6         278
          32           7         275
          32           8         279
          32           9         280
          33           1          33
          33           2          34
          33           3          45
          33           4          46
          33           5         245
          33           6         281
          33           7         278
          33           8         282
          33           9         283
          34           1          34
          34           2          35
          34           3          46
          34           4          47
          34           5         248
          34           6         284
          34           7         281
          34           8         285
          34           9         286
          35           1          35
          35           2          36
          35           3          47
          35           4          48
          35           5         251
          35           6         287
          35           7         284
          35           8         288
          35           9         289
          36           1          36
          36           2         147
          36           3          48
          36           4         148
          36           5         254
          36           6         290
          36           7         287
          36           8         291
          36           9         292
          37           1          37
          37           2          38
          37           3          49
          37           4          50
          37           5         258
          37           6         293
          37           7         294
          37           8         295
          37           9         296
          38           1          38
          38           2          39
          38           3          50
          38           4          51
          38           5         261
          38           6         297
          38           7         293
          38           8         298
          38           9         299
          39           1          39
          39           2          40
          39           3          51
          39           4          52
          39           5         264
          39           6         300
          39           7         297
          39           8         301
          39           9         302
          40           1          40
          40           2          41
          40           3          52
          40           4          53
          40           5         267
          40           6         303
          40           7         300
          40           8         304
          40           9         305
          41           1          41
          41           2          42
          41           3          53
          41           4          54
          41           5         270
          41           6         306
          41           7         303
          41           8         307
          41           9         308
          42           1          42
          42           2          43
          42           3          54
          42           4          55
          42           5         273
          42           6         309
          42           7         306
          42           8         310
          42           9         311
          43           1          43
          43           2          44
          43           3          55
          43           4          56
          43           5         276
          43           6         312
          43           7         309
          43           8         313
          43           9         314
          44           1          44
          44           2          45
          44           3          56
          44           4          57
          44           5         279
          44           6         315
          44           7         312
          44           8         316
          44           9         317
          45           1          45
          45           2          46
          45           3          57
          45           4          58
          45           5         282
          45           6         318
          45           7         315
          45           8         319
          45           9         320
          46           1          46
          46           2          47
          46           3          58
          46           4          59
          46           5         285
          46           6         321
          46           7         318
          46           8         322
          46           9         323
          47           1          47
          47           2          48
          47           3          59
          47           4          60
          47           5         288
          47           6         324
          47           7         321
          47           8         325
          47           9         326
          48           1          48
          48           2         148
          48           3          60
          48           4         149
          48           5         291
          48           6         327
          48           7         324
          48           8         328
          48           9         329
          49           1          49
          49           2          50
          49           3          61
          49           4          62
          49           5         295
          49           6         330
          49           7         331
          49           8         332
          49           9         333
          50           1          50
          50           2          51
          50           3          62
          50           4          63
          50           5         298
          50           6         334
          50           7         330
          50           8         335
          50           9         336
          51           1          51
          51           2          52
          51           3          63
          51           4          64
          51           5         301
          51           6         337
          51           7         334
          51           8         338
          51           9         339
          52           1          52
          52           2          53
          52           3          64
          52           4          65
          52           5         304
          52           6         340
          52           7         337
          52           8         341
          52           9         342
          53           1          53
          53           2          54
          53           3          65
          53           4          66
          53           5         307
          53           6         343
          53           7         340
          53           8         344
          53           9         345
          54           1          54
          54           2          55
          54           3          66
          54           4          67
          54           5         310
          54           6         346
          54           7         343
          54           8         347
          54           9         348
          55           1          55
          55           2          56
          55           3          67
          55           4          68
          55           5         313
          55           6         349
          55           7         346
          55           8         350
          55           9         351
          56           1          56
          56           2          57
          56           3          68
          56           4          69
          56           5         316
          56           6         352
          56           7         349
          56           8         353
          56           9         354
          57           1          57
          57           2          58
          57           3          69
          57           4          70
          57           5         319
          57           6         355
          57           7         352
          57           8         356
          57           9         357
          58           1          58
          58           2          59
          58           3          70
          58           4          71
          58           5         322
          58           6         358
          58           7         355
          58           8         359
          58           9         360
          59           1          59
          59           2          60
          59           3          71
          59           4          72
          59           5         325
          59           6         361
          59           7         358
          59           8         362
          59           9         363
          60           1          60
          60           2         149
          60           3          72
          60           4         150
          60           5         328
          60           6         364
          60           7         361
          60           8         365
          60           9         366
          61           1          61
          61           2          62
          61           3          73
          61           4          74
          61           5         332
          61           6         367
          61           7         368
          61           8         369
          61           9         370
          62           1          62
          62           2          63
          62           3          74
          62           4          75
          62           5         335
          62           6         371
          62           7         367
          62           8         372
          62           9         373
          63           1          63
          63           2          64
          63           3          75
          63           4          76
          63           5         338
          63           6         374
          63           7         371
          63           8         375
          63           9         376
          64           1          64
          64           2          65
          64           3          76
          64           4          77
          64           5         341
          64           6         377
          64           7         374
          64           8         378
          64           9         379
          65           1          65
          65           2          66
          65           3          77
          65           4          78
          65           5         344
          65           6         380
          65           7         377
          65           8         381
          65           9         382
          66           1          66
          66           2          67
          66           3          78
          66           4          79
          66           5         347
          66           6         383
          66           7         380
          66           8         384
          66           9         385
          67           1          67
          67           2          68
          67           3          79
          67           4          80
          67           5         350
          67           6         386
          67           7         383
          67           8         387
          67           9         388
          68           1          68
          68           2          69
          68           3          80
          68           4          81
          68           5         353
          68           6         389
          68           7         386
          68           8         390
          68           9         391
          69           1          69
          69           2          70
          69           3          81
          69           4          82
          69           5         356
          69           6         392
          69           7         389
          69           8         393
          69           9         394
          70           1          70
          70           2          71
          70           3          82
          70           4          83
          70           5         359
          70           6         395
          70           7         392
          70           8         396
          70           9         397
          71           1          71
          71           2          72
          71           3          83
          71           4          84
          71           5         362
          71           6         398
          71           7         395
          71           8         399
          71           9         400
          72           1          72
          72           2         150
          72           3          84
          72           4         151
          72           5         365
          72           6         401
          72           7         398
          72           8         402
          72           9         403
          73           1          73
          73           2          74
          73           3          85
          73           4          86
          73           5         369
          73           6         404
          73           7         405
          73           8         406
          73           9         407
          74           1          74
          74           2          75
          74           3          86
          74           4          87
          74           5         372
          74           6         408
          74           7         404
          74           8         409
          74           9         410
          75           1          75
          75           2          76
          75           3          87
          75           4          88
          75           5         375
          75           6         411
          75           7         408
          75           8         412
          75           9         413
          76           1          76
          76           2          77
          76           3          88
          76           4          89
          76           5         378
          76           6         414
          76           7         411
          76           8         415
          76           9         416
          77           1          77
          77           2          78
          77           3          89
          77           4          90
          77           5         381
          77           6         417
          77           7         414
          77           8         418
          77           9         419
          78           1          78
          78           2          79
          78           3          90
          78           4          91
          78           5         384
          78           6         420
          78           7         417
          78           8         421
          78           9         422
          79           1          79
          79           2          80
          79           3          91
          79           4          92
          79           5         387
          79           6         423
          79           7         420
          79           8         424
          79           9         425
          80           1          80
          80           2          81
          80           3          92
          80           4          93
          80           5         390
          80           6         426
          80           7         423
          80           8         427
          80           9         428
          81           1          81
          81           2          82
          81           3          93
          81           4          94
          81           5         393
          81           6         429
          81           7         426
          81           8         430
          81           9         431
          82           1          82
          82           2          83
          82           3          94
          82           4          95
          82           5         396
          82           6         432
          82           7         429
          82           8         433
          82           9         434
          83           1          83
          83           2          84
          83           3          95
          83           4          96
          83           5         399
          83           6         435
          83           7         432
          83           8         436
          83           9         437
          84           1          84
          84           2         151
          84           3          96
          84           4         152
          84           5         402
          84           6         438
          84           7         435
          84           8         439
          84           9         440
          85           1          85
          85           2          86
          85           3          97
          85           4          98
          85           5         406
          85           6         441
          85           7         442
          85           8         443
          85           9         444
          86           1          86
          86           2          87
          86           3          98
          86           4          99
          86           5         409
          86           6         445
          86           7         441
          86           8         446
          86           9         447
          87           1          87
          87           2          88
          87           3          99
          87           4         100
          87           5         412
          87           6         448
          87           7         445
          87           8         449
          87           9         450
          88           1          88
          88           2          89
          88           3         100
          88           4         101
          88           5         415
          88           6         451
          88           7         448
          88           8         452
          88           9         453
          89           1          89
          89           2          90
          89           3         101
          89           4         102
          89           5         418
          89           6         454
          89           7         451
          89           8         455
          89           9         456
          90           1          90
          90           2          91
          90           3         102
          90           4         103
          90           5         421
          90           6         457
          90           7         454
          90           8         458
          90           9         459
          91           1          91
          91           2          92
          91           3         103
          91           4         104
          91           5         424
          91           6         460
          91           7         457
          91           8         461
          91           9         462
          92           1          92
          92           2          93
          92           3         104
          92           4         105
          92           5         427
          92           6         463
          92           7         460
          92           8         464
          92           9         465
          93           1          93
          93           2          94
          93           3         105
          93           4         106
          93           5         430
          93           6         466
          93           7         463
          93           8         467
          93           9         468
          94           1          94
          94           2          95
          94           3         106
          94           4         107
          94           5         433
          94           6         469
          94           7         466
          94           8         470
          94           9         471
          95           1          95
          95           2          96
          95           3         107
          95           4         108
          95           5         436
          95           6         472
          95           7         469
          95           8         473
          95           9         474
          96           1          96
          96           2         152
          96           3         108
          96           4         153
          96           5         439
          96           6         475
          96           7         472
          96           8         476
          96           9         477
          97           1          97
          97           2          98
          97           3         109
          97           4         110
          97           5         443
          97           6         478
          97           7         479
          97           8         480
          97           9         481
          98           1          98
          98           2          99
          98           3         110
          98           4         111
          98           5         446
          98           6         482
          98           7         478
          98           8         483
          98           9         484
          99           1          99
          99           2         100
          99           3         111
          99           4         112
          99           5         449
          99           6         485
          99           7         482
          99           8         486
          99           9         487
         100           1         100
         100           2         101
         100           3         112
         100           4         113
         100           5         452
         100           6         488
         100           7         485
         100           8         489
         100           9         490
         101           1         101
         101           2         102
         101           3         113
         101           4         114
         101           5         455
         101           6         491
         101           7         488
         101           8         492
         101           9         493
         102           1         102
         102           2         103
         102           3         114
         102           4         115
         102           5         458
         102           6         494
         102           7         491
         102           8         495
         102           9         496
         103           1         103
         103           2         104
         103           3         115
         103           4         116
         103           5         461
         103           6         497
         103           7         494
         103           8         498
         103           9         499
         104           1         104
         104           2         105
         104           3         116
         104           4         117
         104           5         464
         104           6         500
         104           7         497
         104           8         501
         104           9         502
         105           1         105
         105           2         106
         105           3         117
         105           4         118
         105           5         467
         105           6         503
         105           7         500
         105           8         504
         105           9         505
         106           1         106
         106           2         107
         106           3         118
         106           4         119
         106           5         470
         106           6         506
         106           7         503
         106           8         507
         106           9         508
         107           1         107
         107           2         108
         107           3         119
         107           4         120
         107           5         473
         107           6         509
         107           7         506
         107           8         510
         107           9         511
         108           1         108
         108           2         153
         108           3         120
         108           4         154
         108           5         476
         108           6         512
         108           7         509
         108           8         513
         108           9         514
         109           1         109
         109           2         110
         109           3         121
         109           4         122
         109           5         480
         109           6         515
         109           7         516
         109           8         517
         109           9         518
         110           1         110
         110           2         111
         110           3         122
         110           4         123
         110           5         483
         110           6         519
         110           7         515
         110           8         520
         110           9         521
         111           1         111
         111           2         112
         111           3         123
         111           4         124
         111           5         486
         111           6         522
         111           7         519
         111           8         523
         111           9         524
         112           1         112
         112           2         113
         112           3         124
         112           4         125
         112           5         489
         112           6         525
         112           7         522
         112           8         526
         112           9         527
         113           1         113
         113           2         114
         113           3         125
         113           4         126
         113           5         492
         113           6         528
         113           7         525
         113           8         529
         113           9         530
         114           1         114
         114           2         115
         114           3         126
         114           4         127
         114           5         495
         114           6         531
         114           7         528
         114           8         532
         114           9         533
         115           1         115
         115           2         116
         115           3         127
         115           4         128
         115           5         498
         115           6         534
         115           7         531
         115           8         535
         115           9         536
         116           1         116
         116           2         117
         116           3         128
         116           4         129
         116           5         501
         116           6         537
         116           7         534
         116           8         538
         116           9         539
         117           1         117
         117           2         118
         117           3         129
         117           4         130
         117           5         504
         117           6         540
         117           7         537
         117           8         541
         117           9         542
         118           1         118
         118           2         119
         118           3         130
         118           4         131
         118           5         507
         118           6         543
         118           7         540
         118           8         544
         118           9         545
         119           1         119
         119           2         120
         119           3         131
         119           4         132
         119           5         510
         119           6         546
         119           7         543
         119           8         547
         119           9         548
         120           1         120
         120           2         154
         120           3         132
         120           4         155
         120           5         513
         120           6         549
         120           7         546
         120           8         550
         120           9         551
         121           1         121
         121           2         122
         121           3         133
         121           4         134
         121           5         517
         121           6         552
         121           7         553
         121           8         554
         121           9         555
         122           1         122
         122           2         123
         122           3         134
         122           4         135
         122           5         520
         122           6         556
         122           7         552
         122           8         557
         122           9         558
         123           1         123
         123           2         124
         123           3         135
         123           4         136
         123           5         523
         123           6         559
         123           7         556
         123           8         560
         123           9         561
         124           1         124
         124           2         125
         124           3         136
         124           4         137
         124           5         526
         124           6         562
         124           7         559
         124           8         563
         124           9         564
         125           1         125
         125           2         126
         125           3         137
         125           4         138
         125           5         529
         125           6         565
         125           7         562
         125           8         566
         125           9         567
         126           1         126
         126           2         127
         126           3         138
         126           4         139
         126           5         532
         126           6         568
         126           7         565
         126           8         569
         126           9         570
         127           1         127
         127           2         128
         127           3         139
         127           4         140
         127           5         535
         127           6         571
         127           7         568
         127           8         572
         127           9         573
         128           1         128
         128           2         129
         128           3         140
         128           4         141
         128           5         538
         128           6         574
         128           7         571
         128           8         575
         128           9         576
         129           1         129
         129           2         130
         129           3         141
         129           4         142
         129           5         541
         129           6         577
         129           7         574
         129           8         578
         129           9         579
         130           1         130
         130           2         131
         130           3         142
         130           4         143
         130           5         544
         130           6         580
         130           7         577
         130           8         581
         130           9         582
         131           1         131
         131           2         132
         131           3         143
         131           4         144
         131           5         547
         131           6         583
         131           7         580
         131           8         584
         131           9         585
         132           1         132
         132           2         155
         132           3         144
         132           4         156
         132           5         550
         132           6         586
         132           7         583
         132           8         587
         132           9         588
         133           1         133
         133           2         134
         133           3         157
         133           4         158
         133           5         554
         133           6         589
         133           7         590
         133           8         591
         133           9         592
         134           1         134
         134           2         135
         134           3         158
         134           4         159
         134           5         557
         134           6         593
         134           7         589
         134           8         594
         134           9         595
         135           1         135
         135           2         136
         135           3         159
         135           4         160
         135           5         560
         135           6         596
         135           7         593
         135           8         597
         135           9         598
         136           1         136
         136           2         137
         136           3         160
         136           4         161
         136           5         563
         136           6         599
         136           7         596
         136           8         600
         136           9         601
         137           1         137
         137           2         138
         137           3         161
         137           4         162
         137           5         566
         137           6         602
         137           7         599
         137           8         603
         137           9         604
         138           1         138
         138           2         139
         138           3         162
         138           4         163
         138           5         569
         138           6         605
         138           7         602
         138           8         606
         138           9         607
         139           1         139
         139           2         140
         139           3         163
         139           4         164
         139           5         572
         139           6         608
         139           7         605
         139           8         609
         139           9         610
         140           1         140
         140           2         141
         140           3         164
         140           4         165
         140           5         575
         140           6         611
         140           7         608
         140           8         612
         140           9         613
         141           1         141
         141           2         142
         141           3         165
         141           4         166
         141           5         578
         141           6         614
         141           7         611
         141           8         615
         141           9         616
         142           1         142
         142           2         143
         142           3         166
         142           4         167
         142           5         581
         142           6         617
         142           7         614
         142           8         618
         142           9         619
         143           1         143
         143           2         144
         143           3         167
         143           4         168
         143           5         584
         143           6         620
         143           7         617
         143           8         621
         143           9         622
         144           1         144
         144           2         156
         144           3         168
         144           4         169
         144           5         587
         144           6         623
         144           7         620
         144           8         624
         144           9         625
