           1  -50.0000000000000       -50.0000000000000     
           2  -41.6666666666667       -50.0000000000000     
           3  -33.3333333333333       -50.0000000000000     
           4  -25.0000000000000       -50.0000000000000     
           5  -16.6666666666667       -50.0000000000000     
           6  -8.33333333333333       -50.0000000000000     
           7  0.000000000000000E+000  -50.0000000000000     
           8   8.33333333333333       -50.0000000000000     
           9   16.6666666666667       -50.0000000000000     
          10   25.0000000000000       -50.0000000000000     
          11   33.3333333333333       -50.0000000000000     
          12   41.6666666666667       -50.0000000000000     
          13  -50.0000000000000       -41.6666666666667     
          14  -41.6666666666667       -41.6666666666667     
          15  -33.3333333333333       -41.6666666666667     
          16  -25.0000000000000       -41.6666666666667     
          17  -16.6666666666667       -41.6666666666667     
          18  -8.33333333333333       -41.6666666666667     
          19  0.000000000000000E+000  -41.6666666666667     
          20   8.33333333333333       -41.6666666666667     
          21   16.6666666666667       -41.6666666666667     
          22   25.0000000000000       -41.6666666666667     
          23   33.3333333333333       -41.6666666666667     
          24   41.6666666666667       -41.6666666666667     
          25  -50.0000000000000       -33.3333333333333     
          26  -41.6666666666667       -33.3333333333333     
          27  -33.3333333333333       -33.3333333333333     
          28  -25.0000000000000       -33.3333333333333     
          29  -16.6666666666667       -33.3333333333333     
          30  -8.33333333333333       -33.3333333333333     
          31  0.000000000000000E+000  -33.3333333333333     
          32   8.33333333333333       -33.3333333333333     
          33   16.6666666666667       -33.3333333333333     
          34   25.0000000000000       -33.3333333333333     
          35   33.3333333333333       -33.3333333333333     
          36   41.6666666666667       -33.3333333333333     
          37  -50.0000000000000       -25.0000000000000     
          38  -41.6666666666667       -25.0000000000000     
          39  -33.3333333333333       -25.0000000000000     
          40  -25.0000000000000       -25.0000000000000     
          41  -16.6666666666667       -25.0000000000000     
          42  -8.33333333333333       -25.0000000000000     
          43  0.000000000000000E+000  -25.0000000000000     
          44   8.33333333333333       -25.0000000000000     
          45   16.6666666666667       -25.0000000000000     
          46   25.0000000000000       -25.0000000000000     
          47   33.3333333333333       -25.0000000000000     
          48   41.6666666666667       -25.0000000000000     
          49  -50.0000000000000       -16.6666666666667     
          50  -41.6666666666667       -16.6666666666667     
          51  -33.3333333333333       -16.6666666666667     
          52  -25.0000000000000       -16.6666666666667     
          53  -16.6666666666667       -16.6666666666667     
          54  -8.33333333333333       -16.6666666666667     
          55  0.000000000000000E+000  -16.6666666666667     
          56   8.33333333333333       -16.6666666666667     
          57   16.6666666666667       -16.6666666666667     
          58   25.0000000000000       -16.6666666666667     
          59   33.3333333333333       -16.6666666666667     
          60   41.6666666666667       -16.6666666666667     
          61  -50.0000000000000       -8.33333333333333     
          62  -41.6666666666667       -8.33333333333333     
          63  -33.3333333333333       -8.33333333333333     
          64  -25.0000000000000       -8.33333333333333     
          65  -16.6666666666667       -8.33333333333333     
          66  -8.33333333333333       -8.33333333333333     
          67  0.000000000000000E+000  -8.33333333333333     
          68   8.33333333333333       -8.33333333333333     
          69   16.6666666666667       -8.33333333333333     
          70   25.0000000000000       -8.33333333333333     
          71   33.3333333333333       -8.33333333333333     
          72   41.6666666666667       -8.33333333333333     
          73  -50.0000000000000       0.000000000000000E+000
          74  -41.6666666666667       0.000000000000000E+000
          75  -33.3333333333333       0.000000000000000E+000
          76  -25.0000000000000       0.000000000000000E+000
          77  -16.6666666666667       0.000000000000000E+000
          78  -8.33333333333333       0.000000000000000E+000
          79  0.000000000000000E+000  0.000000000000000E+000
          80   8.33333333333333       0.000000000000000E+000
          81   16.6666666666667       0.000000000000000E+000
          82   25.0000000000000       0.000000000000000E+000
          83   33.3333333333333       0.000000000000000E+000
          84   41.6666666666667       0.000000000000000E+000
          85  -50.0000000000000        8.33333333333333     
          86  -41.6666666666667        8.33333333333333     
          87  -33.3333333333333        8.33333333333333     
          88  -25.0000000000000        8.33333333333333     
          89  -16.6666666666667        8.33333333333333     
          90  -8.33333333333333        8.33333333333333     
          91  0.000000000000000E+000   8.33333333333333     
          92   8.33333333333333        8.33333333333333     
          93   16.6666666666667        8.33333333333333     
          94   25.0000000000000        8.33333333333333     
          95   33.3333333333333        8.33333333333333     
          96   41.6666666666667        8.33333333333333     
          97  -50.0000000000000        16.6666666666667     
          98  -41.6666666666667        16.6666666666667     
          99  -33.3333333333333        16.6666666666667     
         100  -25.0000000000000        16.6666666666667     
         101  -16.6666666666667        16.6666666666667     
         102  -8.33333333333333        16.6666666666667     
         103  0.000000000000000E+000   16.6666666666667     
         104   8.33333333333333        16.6666666666667     
         105   16.6666666666667        16.6666666666667     
         106   25.0000000000000        16.6666666666667     
         107   33.3333333333333        16.6666666666667     
         108   41.6666666666667        16.6666666666667     
         109  -50.0000000000000        25.0000000000000     
         110  -41.6666666666667        25.0000000000000     
         111  -33.3333333333333        25.0000000000000     
         112  -25.0000000000000        25.0000000000000     
         113  -16.6666666666667        25.0000000000000     
         114  -8.33333333333333        25.0000000000000     
         115  0.000000000000000E+000   25.0000000000000     
         116   8.33333333333333        25.0000000000000     
         117   16.6666666666667        25.0000000000000     
         118   25.0000000000000        25.0000000000000     
         119   33.3333333333333        25.0000000000000     
         120   41.6666666666667        25.0000000000000     
         121  -50.0000000000000        33.3333333333333     
         122  -41.6666666666667        33.3333333333333     
         123  -33.3333333333333        33.3333333333333     
         124  -25.0000000000000        33.3333333333333     
         125  -16.6666666666667        33.3333333333333     
         126  -8.33333333333333        33.3333333333333     
         127  0.000000000000000E+000   33.3333333333333     
         128   8.33333333333333        33.3333333333333     
         129   16.6666666666667        33.3333333333333     
         130   25.0000000000000        33.3333333333333     
         131   33.3333333333333        33.3333333333333     
         132   41.6666666666667        33.3333333333333     
         133  -50.0000000000000        41.6666666666667     
         134  -41.6666666666667        41.6666666666667     
         135  -33.3333333333333        41.6666666666667     
         136  -25.0000000000000        41.6666666666667     
         137  -16.6666666666667        41.6666666666667     
         138  -8.33333333333333        41.6666666666667     
         139  0.000000000000000E+000   41.6666666666667     
         140   8.33333333333333        41.6666666666667     
         141   16.6666666666667        41.6666666666667     
         142   25.0000000000000        41.6666666666667     
         143   33.3333333333333        41.6666666666667     
         144   41.6666666666667        41.6666666666667     
         145   50.0000000000000       -50.0000000000000     
         146   50.0000000000000       -41.6666666666667     
         147   50.0000000000000       -33.3333333333333     
         148   50.0000000000000       -25.0000000000000     
         149   50.0000000000000       -16.6666666666667     
         150   50.0000000000000       -8.33333333333333     
         151   50.0000000000000       0.000000000000000E+000
         152   50.0000000000000        8.33333333333333     
         153   50.0000000000000        16.6666666666667     
         154   50.0000000000000        25.0000000000000     
         155   50.0000000000000        33.3333333333333     
         156   50.0000000000000        41.6666666666667     
         157  -50.0000000000000        50.0000000000000     
         158  -41.6666666666667        50.0000000000000     
         159  -33.3333333333333        50.0000000000000     
         160  -25.0000000000000        50.0000000000000     
         161  -16.6666666666667        50.0000000000000     
         162  -8.33333333333333        50.0000000000000     
         163  0.000000000000000E+000   50.0000000000000     
         164   8.33333333333333        50.0000000000000     
         165   16.6666666666667        50.0000000000000     
         166   25.0000000000000        50.0000000000000     
         167   33.3333333333333        50.0000000000000     
         168   41.6666666666667        50.0000000000000     
         169   50.0000000000000        50.0000000000000     
         170  -45.8333333333333       -50.0000000000000     
         171  -41.6666666666667       -45.8333333333333     
         172  -50.0000000000000       -45.8333333333333     
         173  -45.8333333333333       -41.6666666666667     
         174  -45.8333333333333       -45.8333333333333     
         175  -37.5000000000000       -50.0000000000000     
         176  -33.3333333333333       -45.8333333333333     
         177  -37.5000000000000       -41.6666666666667     
         178  -37.5000000000000       -45.8333333333333     
         179  -29.1666666666667       -50.0000000000000     
         180  -25.0000000000000       -45.8333333333333     
         181  -29.1666666666667       -41.6666666666667     
         182  -29.1666666666667       -45.8333333333333     
         183  -20.8333333333333       -50.0000000000000     
         184  -16.6666666666667       -45.8333333333333     
         185  -20.8333333333333       -41.6666666666667     
         186  -20.8333333333333       -45.8333333333333     
         187  -12.5000000000000       -50.0000000000000     
         188  -8.33333333333333       -45.8333333333333     
         189  -12.5000000000000       -41.6666666666667     
         190  -12.5000000000000       -45.8333333333333     
         191  -4.16666666666667       -50.0000000000000     
         192  0.000000000000000E+000  -45.8333333333333     
         193  -4.16666666666667       -41.6666666666667     
         194  -4.16666666666667       -45.8333333333333     
         195   4.16666666666667       -50.0000000000000     
         196   8.33333333333333       -45.8333333333333     
         197   4.16666666666667       -41.6666666666667     
         198   4.16666666666667       -45.8333333333333     
         199   12.5000000000000       -50.0000000000000     
         200   16.6666666666667       -45.8333333333333     
         201   12.5000000000000       -41.6666666666667     
         202   12.5000000000000       -45.8333333333333     
         203   20.8333333333333       -50.0000000000000     
         204   25.0000000000000       -45.8333333333333     
         205   20.8333333333333       -41.6666666666667     
         206   20.8333333333333       -45.8333333333333     
         207   29.1666666666667       -50.0000000000000     
         208   33.3333333333333       -45.8333333333333     
         209   29.1666666666667       -41.6666666666667     
         210   29.1666666666667       -45.8333333333333     
         211   37.5000000000000       -50.0000000000000     
         212   41.6666666666667       -45.8333333333333     
         213   37.5000000000000       -41.6666666666667     
         214   37.5000000000000       -45.8333333333333     
         215   45.8333333333333       -50.0000000000000     
         216   50.0000000000000       -45.8333333333333     
         217   45.8333333333333       -41.6666666666667     
         218   45.8333333333333       -45.8333333333333     
         219  -41.6666666666667       -37.5000000000000     
         220  -50.0000000000000       -37.5000000000000     
         221  -45.8333333333333       -33.3333333333333     
         222  -45.8333333333333       -37.5000000000000     
         223  -33.3333333333333       -37.5000000000000     
         224  -37.5000000000000       -33.3333333333333     
         225  -37.5000000000000       -37.5000000000000     
         226  -25.0000000000000       -37.5000000000000     
         227  -29.1666666666667       -33.3333333333333     
         228  -29.1666666666667       -37.5000000000000     
         229  -16.6666666666667       -37.5000000000000     
         230  -20.8333333333333       -33.3333333333333     
         231  -20.8333333333333       -37.5000000000000     
         232  -8.33333333333333       -37.5000000000000     
         233  -12.5000000000000       -33.3333333333333     
         234  -12.5000000000000       -37.5000000000000     
         235  0.000000000000000E+000  -37.5000000000000     
         236  -4.16666666666667       -33.3333333333333     
         237  -4.16666666666667       -37.5000000000000     
         238   8.33333333333333       -37.5000000000000     
         239   4.16666666666667       -33.3333333333333     
         240   4.16666666666667       -37.5000000000000     
         241   16.6666666666667       -37.5000000000000     
         242   12.5000000000000       -33.3333333333333     
         243   12.5000000000000       -37.5000000000000     
         244   25.0000000000000       -37.5000000000000     
         245   20.8333333333333       -33.3333333333333     
         246   20.8333333333333       -37.5000000000000     
         247   33.3333333333333       -37.5000000000000     
         248   29.1666666666667       -33.3333333333333     
         249   29.1666666666667       -37.5000000000000     
         250   41.6666666666667       -37.5000000000000     
         251   37.5000000000000       -33.3333333333333     
         252   37.5000000000000       -37.5000000000000     
         253   50.0000000000000       -37.5000000000000     
         254   45.8333333333333       -33.3333333333333     
         255   45.8333333333333       -37.5000000000000     
         256  -41.6666666666667       -29.1666666666667     
         257  -50.0000000000000       -29.1666666666667     
         258  -45.8333333333333       -25.0000000000000     
         259  -45.8333333333333       -29.1666666666667     
         260  -33.3333333333333       -29.1666666666667     
         261  -37.5000000000000       -25.0000000000000     
         262  -37.5000000000000       -29.1666666666667     
         263  -25.0000000000000       -29.1666666666667     
         264  -29.1666666666667       -25.0000000000000     
         265  -29.1666666666667       -29.1666666666667     
         266  -16.6666666666667       -29.1666666666667     
         267  -20.8333333333333       -25.0000000000000     
         268  -20.8333333333333       -29.1666666666667     
         269  -8.33333333333333       -29.1666666666667     
         270  -12.5000000000000       -25.0000000000000     
         271  -12.5000000000000       -29.1666666666667     
         272  0.000000000000000E+000  -29.1666666666667     
         273  -4.16666666666667       -25.0000000000000     
         274  -4.16666666666667       -29.1666666666667     
         275   8.33333333333333       -29.1666666666667     
         276   4.16666666666667       -25.0000000000000     
         277   4.16666666666667       -29.1666666666667     
         278   16.6666666666667       -29.1666666666667     
         279   12.5000000000000       -25.0000000000000     
         280   12.5000000000000       -29.1666666666667     
         281   25.0000000000000       -29.1666666666667     
         282   20.8333333333333       -25.0000000000000     
         283   20.8333333333333       -29.1666666666667     
         284   33.3333333333333       -29.1666666666667     
         285   29.1666666666667       -25.0000000000000     
         286   29.1666666666667       -29.1666666666667     
         287   41.6666666666667       -29.1666666666667     
         288   37.5000000000000       -25.0000000000000     
         289   37.5000000000000       -29.1666666666667     
         290   50.0000000000000       -29.1666666666667     
         291   45.8333333333333       -25.0000000000000     
         292   45.8333333333333       -29.1666666666667     
         293  -41.6666666666667       -20.8333333333333     
         294  -50.0000000000000       -20.8333333333333     
         295  -45.8333333333333       -16.6666666666667     
         296  -45.8333333333333       -20.8333333333333     
         297  -33.3333333333333       -20.8333333333333     
         298  -37.5000000000000       -16.6666666666667     
         299  -37.5000000000000       -20.8333333333333     
         300  -25.0000000000000       -20.8333333333333     
         301  -29.1666666666667       -16.6666666666667     
         302  -29.1666666666667       -20.8333333333333     
         303  -16.6666666666667       -20.8333333333333     
         304  -20.8333333333333       -16.6666666666667     
         305  -20.8333333333333       -20.8333333333333     
         306  -8.33333333333333       -20.8333333333333     
         307  -12.5000000000000       -16.6666666666667     
         308  -12.5000000000000       -20.8333333333333     
         309  0.000000000000000E+000  -20.8333333333333     
         310  -4.16666666666667       -16.6666666666667     
         311  -4.16666666666667       -20.8333333333333     
         312   8.33333333333333       -20.8333333333333     
         313   4.16666666666667       -16.6666666666667     
         314   4.16666666666667       -20.8333333333333     
         315   16.6666666666667       -20.8333333333333     
         316   12.5000000000000       -16.6666666666667     
         317   12.5000000000000       -20.8333333333333     
         318   25.0000000000000       -20.8333333333333     
         319   20.8333333333333       -16.6666666666667     
         320   20.8333333333333       -20.8333333333333     
         321   33.3333333333333       -20.8333333333333     
         322   29.1666666666667       -16.6666666666667     
         323   29.1666666666667       -20.8333333333333     
         324   41.6666666666667       -20.8333333333333     
         325   37.5000000000000       -16.6666666666667     
         326   37.5000000000000       -20.8333333333333     
         327   50.0000000000000       -20.8333333333333     
         328   45.8333333333333       -16.6666666666667     
         329   45.8333333333333       -20.8333333333333     
         330  -41.6666666666667       -12.5000000000000     
         331  -50.0000000000000       -12.5000000000000     
         332  -45.8333333333333       -8.33333333333333     
         333  -45.8333333333333       -12.5000000000000     
         334  -33.3333333333333       -12.5000000000000     
         335  -37.5000000000000       -8.33333333333333     
         336  -37.5000000000000       -12.5000000000000     
         337  -25.0000000000000       -12.5000000000000     
         338  -29.1666666666667       -8.33333333333333     
         339  -29.1666666666667       -12.5000000000000     
         340  -16.6666666666667       -12.5000000000000     
         341  -20.8333333333333       -8.33333333333333     
         342  -20.8333333333333       -12.5000000000000     
         343  -8.33333333333333       -12.5000000000000     
         344  -12.5000000000000       -8.33333333333333     
         345  -12.5000000000000       -12.5000000000000     
         346  0.000000000000000E+000  -12.5000000000000     
         347  -4.16666666666667       -8.33333333333333     
         348  -4.16666666666667       -12.5000000000000     
         349   8.33333333333333       -12.5000000000000     
         350   4.16666666666667       -8.33333333333333     
         351   4.16666666666667       -12.5000000000000     
         352   16.6666666666667       -12.5000000000000     
         353   12.5000000000000       -8.33333333333333     
         354   12.5000000000000       -12.5000000000000     
         355   25.0000000000000       -12.5000000000000     
         356   20.8333333333333       -8.33333333333333     
         357   20.8333333333333       -12.5000000000000     
         358   33.3333333333333       -12.5000000000000     
         359   29.1666666666667       -8.33333333333333     
         360   29.1666666666667       -12.5000000000000     
         361   41.6666666666667       -12.5000000000000     
         362   37.5000000000000       -8.33333333333333     
         363   37.5000000000000       -12.5000000000000     
         364   50.0000000000000       -12.5000000000000     
         365   45.8333333333333       -8.33333333333333     
         366   45.8333333333333       -12.5000000000000     
         367  -41.6666666666667       -4.16666666666667     
         368  -50.0000000000000       -4.16666666666667     
         369  -45.8333333333333       0.000000000000000E+000
         370  -45.8333333333333       -4.16666666666667     
         371  -33.3333333333333       -4.16666666666667     
         372  -37.5000000000000       0.000000000000000E+000
         373  -37.5000000000000       -4.16666666666667     
         374  -25.0000000000000       -4.16666666666667     
         375  -29.1666666666667       0.000000000000000E+000
         376  -29.1666666666667       -4.16666666666667     
         377  -16.6666666666667       -4.16666666666667     
         378  -20.8333333333333       0.000000000000000E+000
         379  -20.8333333333333       -4.16666666666667     
         380  -8.33333333333333       -4.16666666666667     
         381  -12.5000000000000       0.000000000000000E+000
         382  -12.5000000000000       -4.16666666666667     
         383  0.000000000000000E+000  -4.16666666666667     
         384  -4.16666666666667       0.000000000000000E+000
         385  -4.16666666666667       -4.16666666666667     
         386   8.33333333333333       -4.16666666666667     
         387   4.16666666666667       0.000000000000000E+000
         388   4.16666666666667       -4.16666666666667     
         389   16.6666666666667       -4.16666666666667     
         390   12.5000000000000       0.000000000000000E+000
         391   12.5000000000000       -4.16666666666667     
         392   25.0000000000000       -4.16666666666667     
         393   20.8333333333333       0.000000000000000E+000
         394   20.8333333333333       -4.16666666666667     
         395   33.3333333333333       -4.16666666666667     
         396   29.1666666666667       0.000000000000000E+000
         397   29.1666666666667       -4.16666666666667     
         398   41.6666666666667       -4.16666666666667     
         399   37.5000000000000       0.000000000000000E+000
         400   37.5000000000000       -4.16666666666667     
         401   50.0000000000000       -4.16666666666667     
         402   45.8333333333333       0.000000000000000E+000
         403   45.8333333333333       -4.16666666666667     
         404  -41.6666666666667        4.16666666666667     
         405  -50.0000000000000        4.16666666666667     
         406  -45.8333333333333        8.33333333333333     
         407  -45.8333333333333        4.16666666666667     
         408  -33.3333333333333        4.16666666666667     
         409  -37.5000000000000        8.33333333333333     
         410  -37.5000000000000        4.16666666666667     
         411  -25.0000000000000        4.16666666666667     
         412  -29.1666666666667        8.33333333333333     
         413  -29.1666666666667        4.16666666666667     
         414  -16.6666666666667        4.16666666666667     
         415  -20.8333333333333        8.33333333333333     
         416  -20.8333333333333        4.16666666666667     
         417  -8.33333333333333        4.16666666666667     
         418  -12.5000000000000        8.33333333333333     
         419  -12.5000000000000        4.16666666666667     
         420  0.000000000000000E+000   4.16666666666667     
         421  -4.16666666666667        8.33333333333333     
         422  -4.16666666666667        4.16666666666667     
         423   8.33333333333333        4.16666666666667     
         424   4.16666666666667        8.33333333333333     
         425   4.16666666666667        4.16666666666667     
         426   16.6666666666667        4.16666666666667     
         427   12.5000000000000        8.33333333333333     
         428   12.5000000000000        4.16666666666667     
         429   25.0000000000000        4.16666666666667     
         430   20.8333333333333        8.33333333333333     
         431   20.8333333333333        4.16666666666667     
         432   33.3333333333333        4.16666666666667     
         433   29.1666666666667        8.33333333333333     
         434   29.1666666666667        4.16666666666667     
         435   41.6666666666667        4.16666666666667     
         436   37.5000000000000        8.33333333333333     
         437   37.5000000000000        4.16666666666667     
         438   50.0000000000000        4.16666666666667     
         439   45.8333333333333        8.33333333333333     
         440   45.8333333333333        4.16666666666667     
         441  -41.6666666666667        12.5000000000000     
         442  -50.0000000000000        12.5000000000000     
         443  -45.8333333333333        16.6666666666667     
         444  -45.8333333333333        12.5000000000000     
         445  -33.3333333333333        12.5000000000000     
         446  -37.5000000000000        16.6666666666667     
         447  -37.5000000000000        12.5000000000000     
         448  -25.0000000000000        12.5000000000000     
         449  -29.1666666666667        16.6666666666667     
         450  -29.1666666666667        12.5000000000000     
         451  -16.6666666666667        12.5000000000000     
         452  -20.8333333333333        16.6666666666667     
         453  -20.8333333333333        12.5000000000000     
         454  -8.33333333333333        12.5000000000000     
         455  -12.5000000000000        16.6666666666667     
         456  -12.5000000000000        12.5000000000000     
         457  0.000000000000000E+000   12.5000000000000     
         458  -4.16666666666667        16.6666666666667     
         459  -4.16666666666667        12.5000000000000     
         460   8.33333333333333        12.5000000000000     
         461   4.16666666666667        16.6666666666667     
         462   4.16666666666667        12.5000000000000     
         463   16.6666666666667        12.5000000000000     
         464   12.5000000000000        16.6666666666667     
         465   12.5000000000000        12.5000000000000     
         466   25.0000000000000        12.5000000000000     
         467   20.8333333333333        16.6666666666667     
         468   20.8333333333333        12.5000000000000     
         469   33.3333333333333        12.5000000000000     
         470   29.1666666666667        16.6666666666667     
         471   29.1666666666667        12.5000000000000     
         472   41.6666666666667        12.5000000000000     
         473   37.5000000000000        16.6666666666667     
         474   37.5000000000000        12.5000000000000     
         475   50.0000000000000        12.5000000000000     
         476   45.8333333333333        16.6666666666667     
         477   45.8333333333333        12.5000000000000     
         478  -41.6666666666667        20.8333333333333     
         479  -50.0000000000000        20.8333333333333     
         480  -45.8333333333333        25.0000000000000     
         481  -45.8333333333333        20.8333333333333     
         482  -33.3333333333333        20.8333333333333     
         483  -37.5000000000000        25.0000000000000     
         484  -37.5000000000000        20.8333333333333     
         485  -25.0000000000000        20.8333333333333     
         486  -29.1666666666667        25.0000000000000     
         487  -29.1666666666667        20.8333333333333     
         488  -16.6666666666667        20.8333333333333     
         489  -20.8333333333333        25.0000000000000     
         490  -20.8333333333333        20.8333333333333     
         491  -8.33333333333333        20.8333333333333     
         492  -12.5000000000000        25.0000000000000     
         493  -12.5000000000000        20.8333333333333     
         494  0.000000000000000E+000   20.8333333333333     
         495  -4.16666666666667        25.0000000000000     
         496  -4.16666666666667        20.8333333333333     
         497   8.33333333333333        20.8333333333333     
         498   4.16666666666667        25.0000000000000     
         499   4.16666666666667        20.8333333333333     
         500   16.6666666666667        20.8333333333333     
         501   12.5000000000000        25.0000000000000     
         502   12.5000000000000        20.8333333333333     
         503   25.0000000000000        20.8333333333333     
         504   20.8333333333333        25.0000000000000     
         505   20.8333333333333        20.8333333333333     
         506   33.3333333333333        20.8333333333333     
         507   29.1666666666667        25.0000000000000     
         508   29.1666666666667        20.8333333333333     
         509   41.6666666666667        20.8333333333333     
         510   37.5000000000000        25.0000000000000     
         511   37.5000000000000        20.8333333333333     
         512   50.0000000000000        20.8333333333333     
         513   45.8333333333333        25.0000000000000     
         514   45.8333333333333        20.8333333333333     
         515  -41.6666666666667        29.1666666666667     
         516  -50.0000000000000        29.1666666666667     
         517  -45.8333333333333        33.3333333333333     
         518  -45.8333333333333        29.1666666666667     
         519  -33.3333333333333        29.1666666666667     
         520  -37.5000000000000        33.3333333333333     
         521  -37.5000000000000        29.1666666666667     
         522  -25.0000000000000        29.1666666666667     
         523  -29.1666666666667        33.3333333333333     
         524  -29.1666666666667        29.1666666666667     
         525  -16.6666666666667        29.1666666666667     
         526  -20.8333333333333        33.3333333333333     
         527  -20.8333333333333        29.1666666666667     
         528  -8.33333333333333        29.1666666666667     
         529  -12.5000000000000        33.3333333333333     
         530  -12.5000000000000        29.1666666666667     
         531  0.000000000000000E+000   29.1666666666667     
         532  -4.16666666666667        33.3333333333333     
         533  -4.16666666666667        29.1666666666667     
         534   8.33333333333333        29.1666666666667     
         535   4.16666666666667        33.3333333333333     
         536   4.16666666666667        29.1666666666667     
         537   16.6666666666667        29.1666666666667     
         538   12.5000000000000        33.3333333333333     
         539   12.5000000000000        29.1666666666667     
         540   25.0000000000000        29.1666666666667     
         541   20.8333333333333        33.3333333333333     
         542   20.8333333333333        29.1666666666667     
         543   33.3333333333333        29.1666666666667     
         544   29.1666666666667        33.3333333333333     
         545   29.1666666666667        29.1666666666667     
         546   41.6666666666667        29.1666666666667     
         547   37.5000000000000        33.3333333333333     
         548   37.5000000000000        29.1666666666667     
         549   50.0000000000000        29.1666666666667     
         550   45.8333333333333        33.3333333333333     
         551   45.8333333333333        29.1666666666667     
         552  -41.6666666666667        37.5000000000000     
         553  -50.0000000000000        37.5000000000000     
         554  -45.8333333333333        41.6666666666667     
         555  -45.8333333333333        37.5000000000000     
         556  -33.3333333333333        37.5000000000000     
         557  -37.5000000000000        41.6666666666667     
         558  -37.5000000000000        37.5000000000000     
         559  -25.0000000000000        37.5000000000000     
         560  -29.1666666666667        41.6666666666667     
         561  -29.1666666666667        37.5000000000000     
         562  -16.6666666666667        37.5000000000000     
         563  -20.8333333333333        41.6666666666667     
         564  -20.8333333333333        37.5000000000000     
         565  -8.33333333333333        37.5000000000000     
         566  -12.5000000000000        41.6666666666667     
         567  -12.5000000000000        37.5000000000000     
         568  0.000000000000000E+000   37.5000000000000     
         569  -4.16666666666667        41.6666666666667     
         570  -4.16666666666667        37.5000000000000     
         571   8.33333333333333        37.5000000000000     
         572   4.16666666666667        41.6666666666667     
         573   4.16666666666667        37.5000000000000     
         574   16.6666666666667        37.5000000000000     
         575   12.5000000000000        41.6666666666667     
         576   12.5000000000000        37.5000000000000     
         577   25.0000000000000        37.5000000000000     
         578   20.8333333333333        41.6666666666667     
         579   20.8333333333333        37.5000000000000     
         580   33.3333333333333        37.5000000000000     
         581   29.1666666666667        41.6666666666667     
         582   29.1666666666667        37.5000000000000     
         583   41.6666666666667        37.5000000000000     
         584   37.5000000000000        41.6666666666667     
         585   37.5000000000000        37.5000000000000     
         586   50.0000000000000        37.5000000000000     
         587   45.8333333333333        41.6666666666667     
         588   45.8333333333333        37.5000000000000     
         589  -41.6666666666667        45.8333333333333     
         590  -50.0000000000000        45.8333333333333     
         591  -45.8333333333333        50.0000000000000     
         592  -45.8333333333333        45.8333333333333     
         593  -33.3333333333333        45.8333333333333     
         594  -37.5000000000000        50.0000000000000     
         595  -37.5000000000000        45.8333333333333     
         596  -25.0000000000000        45.8333333333333     
         597  -29.1666666666667        50.0000000000000     
         598  -29.1666666666667        45.8333333333333     
         599  -16.6666666666667        45.8333333333333     
         600  -20.8333333333333        50.0000000000000     
         601  -20.8333333333333        45.8333333333333     
         602  -8.33333333333333        45.8333333333333     
         603  -12.5000000000000        50.0000000000000     
         604  -12.5000000000000        45.8333333333333     
         605  0.000000000000000E+000   45.8333333333333     
         606  -4.16666666666667        50.0000000000000     
         607  -4.16666666666667        45.8333333333333     
         608   8.33333333333333        45.8333333333333     
         609   4.16666666666667        50.0000000000000     
         610   4.16666666666667        45.8333333333333     
         611   16.6666666666667        45.8333333333333     
         612   12.5000000000000        50.0000000000000     
         613   12.5000000000000        45.8333333333333     
         614   25.0000000000000        45.8333333333333     
         615   20.8333333333333        50.0000000000000     
         616   20.8333333333333        45.8333333333333     
         617   33.3333333333333        45.8333333333333     
         618   29.1666666666667        50.0000000000000     
         619   29.1666666666667        45.8333333333333     
         620   41.6666666666667        45.8333333333333     
         621   37.5000000000000        50.0000000000000     
         622   37.5000000000000        45.8333333333333     
         623   50.0000000000000        45.8333333333333     
         624   45.8333333333333        50.0000000000000     
         625   45.8333333333333        45.8333333333333     
