           1  -50.0000000000000       -50.0000000000000     
           2  -37.5000000000000       -50.0000000000000     
           3  -25.0000000000000       -50.0000000000000     
           4  -12.5000000000000       -50.0000000000000     
           5  0.000000000000000E+000  -50.0000000000000     
           6   12.5000000000000       -50.0000000000000     
           7   25.0000000000000       -50.0000000000000     
           8   37.5000000000000       -50.0000000000000     
           9  -50.0000000000000       -37.5000000000000     
          10  -37.5000000000000       -37.5000000000000     
          11  -25.0000000000000       -37.5000000000000     
          12  -12.5000000000000       -37.5000000000000     
          13  0.000000000000000E+000  -37.5000000000000     
          14   12.5000000000000       -37.5000000000000     
          15   25.0000000000000       -37.5000000000000     
          16   37.5000000000000       -37.5000000000000     
          17  -50.0000000000000       -25.0000000000000     
          18  -37.5000000000000       -25.0000000000000     
          19  -25.0000000000000       -25.0000000000000     
          20  -12.5000000000000       -25.0000000000000     
          21  0.000000000000000E+000  -25.0000000000000     
          22   12.5000000000000       -25.0000000000000     
          23   25.0000000000000       -25.0000000000000     
          24   37.5000000000000       -25.0000000000000     
          25  -50.0000000000000       -12.5000000000000     
          26  -37.5000000000000       -12.5000000000000     
          27  -25.0000000000000       -12.5000000000000     
          28  -12.5000000000000       -12.5000000000000     
          29  0.000000000000000E+000  -12.5000000000000     
          30   12.5000000000000       -12.5000000000000     
          31   25.0000000000000       -12.5000000000000     
          32   37.5000000000000       -12.5000000000000     
          33  -50.0000000000000       0.000000000000000E+000
          34  -37.5000000000000       0.000000000000000E+000
          35  -25.0000000000000       0.000000000000000E+000
          36  -12.5000000000000       0.000000000000000E+000
          37  0.000000000000000E+000  0.000000000000000E+000
          38   12.5000000000000       0.000000000000000E+000
          39   25.0000000000000       0.000000000000000E+000
          40   37.5000000000000       0.000000000000000E+000
          41  -50.0000000000000        12.5000000000000     
          42  -37.5000000000000        12.5000000000000     
          43  -25.0000000000000        12.5000000000000     
          44  -12.5000000000000        12.5000000000000     
          45  0.000000000000000E+000   12.5000000000000     
          46   12.5000000000000        12.5000000000000     
          47   25.0000000000000        12.5000000000000     
          48   37.5000000000000        12.5000000000000     
          49  -50.0000000000000        25.0000000000000     
          50  -37.5000000000000        25.0000000000000     
          51  -25.0000000000000        25.0000000000000     
          52  -12.5000000000000        25.0000000000000     
          53  0.000000000000000E+000   25.0000000000000     
          54   12.5000000000000        25.0000000000000     
          55   25.0000000000000        25.0000000000000     
          56   37.5000000000000        25.0000000000000     
          57  -50.0000000000000        37.5000000000000     
          58  -37.5000000000000        37.5000000000000     
          59  -25.0000000000000        37.5000000000000     
          60  -12.5000000000000        37.5000000000000     
          61  0.000000000000000E+000   37.5000000000000     
          62   12.5000000000000        37.5000000000000     
          63   25.0000000000000        37.5000000000000     
          64   37.5000000000000        37.5000000000000     
          65   50.0000000000000       -50.0000000000000     
          66   50.0000000000000       -37.5000000000000     
          67   50.0000000000000       -25.0000000000000     
          68   50.0000000000000       -12.5000000000000     
          69   50.0000000000000       0.000000000000000E+000
          70   50.0000000000000        12.5000000000000     
          71   50.0000000000000        25.0000000000000     
          72   50.0000000000000        37.5000000000000     
          73  -50.0000000000000        50.0000000000000     
          74  -37.5000000000000        50.0000000000000     
          75  -25.0000000000000        50.0000000000000     
          76  -12.5000000000000        50.0000000000000     
          77  0.000000000000000E+000   50.0000000000000     
          78   12.5000000000000        50.0000000000000     
          79   25.0000000000000        50.0000000000000     
          80   37.5000000000000        50.0000000000000     
          81   50.0000000000000        50.0000000000000     
          82  -43.7500000000000       -50.0000000000000     
          83  -37.5000000000000       -43.7500000000000     
          84  -50.0000000000000       -43.7500000000000     
          85  -43.7500000000000       -37.5000000000000     
          86  -43.7500000000000       -43.7500000000000     
          87  -31.2500000000000       -50.0000000000000     
          88  -25.0000000000000       -43.7500000000000     
          89  -31.2500000000000       -37.5000000000000     
          90  -31.2500000000000       -43.7500000000000     
          91  -18.7500000000000       -50.0000000000000     
          92  -12.5000000000000       -43.7500000000000     
          93  -18.7500000000000       -37.5000000000000     
          94  -18.7500000000000       -43.7500000000000     
          95  -6.25000000000000       -50.0000000000000     
          96  0.000000000000000E+000  -43.7500000000000     
          97  -6.25000000000000       -37.5000000000000     
          98  -6.25000000000000       -43.7500000000000     
          99   6.25000000000000       -50.0000000000000     
         100   12.5000000000000       -43.7500000000000     
         101   6.25000000000000       -37.5000000000000     
         102   6.25000000000000       -43.7500000000000     
         103   18.7500000000000       -50.0000000000000     
         104   25.0000000000000       -43.7500000000000     
         105   18.7500000000000       -37.5000000000000     
         106   18.7500000000000       -43.7500000000000     
         107   31.2500000000000       -50.0000000000000     
         108   37.5000000000000       -43.7500000000000     
         109   31.2500000000000       -37.5000000000000     
         110   31.2500000000000       -43.7500000000000     
         111   43.7500000000000       -50.0000000000000     
         112   50.0000000000000       -43.7500000000000     
         113   43.7500000000000       -37.5000000000000     
         114   43.7500000000000       -43.7500000000000     
         115  -37.5000000000000       -31.2500000000000     
         116  -50.0000000000000       -31.2500000000000     
         117  -43.7500000000000       -25.0000000000000     
         118  -43.7500000000000       -31.2500000000000     
         119  -25.0000000000000       -31.2500000000000     
         120  -31.2500000000000       -25.0000000000000     
         121  -31.2500000000000       -31.2500000000000     
         122  -12.5000000000000       -31.2500000000000     
         123  -18.7500000000000       -25.0000000000000     
         124  -18.7500000000000       -31.2500000000000     
         125  0.000000000000000E+000  -31.2500000000000     
         126  -6.25000000000000       -25.0000000000000     
         127  -6.25000000000000       -31.2500000000000     
         128   12.5000000000000       -31.2500000000000     
         129   6.25000000000000       -25.0000000000000     
         130   6.25000000000000       -31.2500000000000     
         131   25.0000000000000       -31.2500000000000     
         132   18.7500000000000       -25.0000000000000     
         133   18.7500000000000       -31.2500000000000     
         134   37.5000000000000       -31.2500000000000     
         135   31.2500000000000       -25.0000000000000     
         136   31.2500000000000       -31.2500000000000     
         137   50.0000000000000       -31.2500000000000     
         138   43.7500000000000       -25.0000000000000     
         139   43.7500000000000       -31.2500000000000     
         140  -37.5000000000000       -18.7500000000000     
         141  -50.0000000000000       -18.7500000000000     
         142  -43.7500000000000       -12.5000000000000     
         143  -43.7500000000000       -18.7500000000000     
         144  -25.0000000000000       -18.7500000000000     
         145  -31.2500000000000       -12.5000000000000     
         146  -31.2500000000000       -18.7500000000000     
         147  -12.5000000000000       -18.7500000000000     
         148  -18.7500000000000       -12.5000000000000     
         149  -18.7500000000000       -18.7500000000000     
         150  0.000000000000000E+000  -18.7500000000000     
         151  -6.25000000000000       -12.5000000000000     
         152  -6.25000000000000       -18.7500000000000     
         153   12.5000000000000       -18.7500000000000     
         154   6.25000000000000       -12.5000000000000     
         155   6.25000000000000       -18.7500000000000     
         156   25.0000000000000       -18.7500000000000     
         157   18.7500000000000       -12.5000000000000     
         158   18.7500000000000       -18.7500000000000     
         159   37.5000000000000       -18.7500000000000     
         160   31.2500000000000       -12.5000000000000     
         161   31.2500000000000       -18.7500000000000     
         162   50.0000000000000       -18.7500000000000     
         163   43.7500000000000       -12.5000000000000     
         164   43.7500000000000       -18.7500000000000     
         165  -37.5000000000000       -6.25000000000000     
         166  -50.0000000000000       -6.25000000000000     
         167  -43.7500000000000       0.000000000000000E+000
         168  -43.7500000000000       -6.25000000000000     
         169  -25.0000000000000       -6.25000000000000     
         170  -31.2500000000000       0.000000000000000E+000
         171  -31.2500000000000       -6.25000000000000     
         172  -12.5000000000000       -6.25000000000000     
         173  -18.7500000000000       0.000000000000000E+000
         174  -18.7500000000000       -6.25000000000000     
         175  0.000000000000000E+000  -6.25000000000000     
         176  -6.25000000000000       0.000000000000000E+000
         177  -6.25000000000000       -6.25000000000000     
         178   12.5000000000000       -6.25000000000000     
         179   6.25000000000000       0.000000000000000E+000
         180   6.25000000000000       -6.25000000000000     
         181   25.0000000000000       -6.25000000000000     
         182   18.7500000000000       0.000000000000000E+000
         183   18.7500000000000       -6.25000000000000     
         184   37.5000000000000       -6.25000000000000     
         185   31.2500000000000       0.000000000000000E+000
         186   31.2500000000000       -6.25000000000000     
         187   50.0000000000000       -6.25000000000000     
         188   43.7500000000000       0.000000000000000E+000
         189   43.7500000000000       -6.25000000000000     
         190  -37.5000000000000        6.25000000000000     
         191  -50.0000000000000        6.25000000000000     
         192  -43.7500000000000        12.5000000000000     
         193  -43.7500000000000        6.25000000000000     
         194  -25.0000000000000        6.25000000000000     
         195  -31.2500000000000        12.5000000000000     
         196  -31.2500000000000        6.25000000000000     
         197  -12.5000000000000        6.25000000000000     
         198  -18.7500000000000        12.5000000000000     
         199  -18.7500000000000        6.25000000000000     
         200  0.000000000000000E+000   6.25000000000000     
         201  -6.25000000000000        12.5000000000000     
         202  -6.25000000000000        6.25000000000000     
         203   12.5000000000000        6.25000000000000     
         204   6.25000000000000        12.5000000000000     
         205   6.25000000000000        6.25000000000000     
         206   25.0000000000000        6.25000000000000     
         207   18.7500000000000        12.5000000000000     
         208   18.7500000000000        6.25000000000000     
         209   37.5000000000000        6.25000000000000     
         210   31.2500000000000        12.5000000000000     
         211   31.2500000000000        6.25000000000000     
         212   50.0000000000000        6.25000000000000     
         213   43.7500000000000        12.5000000000000     
         214   43.7500000000000        6.25000000000000     
         215  -37.5000000000000        18.7500000000000     
         216  -50.0000000000000        18.7500000000000     
         217  -43.7500000000000        25.0000000000000     
         218  -43.7500000000000        18.7500000000000     
         219  -25.0000000000000        18.7500000000000     
         220  -31.2500000000000        25.0000000000000     
         221  -31.2500000000000        18.7500000000000     
         222  -12.5000000000000        18.7500000000000     
         223  -18.7500000000000        25.0000000000000     
         224  -18.7500000000000        18.7500000000000     
         225  0.000000000000000E+000   18.7500000000000     
         226  -6.25000000000000        25.0000000000000     
         227  -6.25000000000000        18.7500000000000     
         228   12.5000000000000        18.7500000000000     
         229   6.25000000000000        25.0000000000000     
         230   6.25000000000000        18.7500000000000     
         231   25.0000000000000        18.7500000000000     
         232   18.7500000000000        25.0000000000000     
         233   18.7500000000000        18.7500000000000     
         234   37.5000000000000        18.7500000000000     
         235   31.2500000000000        25.0000000000000     
         236   31.2500000000000        18.7500000000000     
         237   50.0000000000000        18.7500000000000     
         238   43.7500000000000        25.0000000000000     
         239   43.7500000000000        18.7500000000000     
         240  -37.5000000000000        31.2500000000000     
         241  -50.0000000000000        31.2500000000000     
         242  -43.7500000000000        37.5000000000000     
         243  -43.7500000000000        31.2500000000000     
         244  -25.0000000000000        31.2500000000000     
         245  -31.2500000000000        37.5000000000000     
         246  -31.2500000000000        31.2500000000000     
         247  -12.5000000000000        31.2500000000000     
         248  -18.7500000000000        37.5000000000000     
         249  -18.7500000000000        31.2500000000000     
         250  0.000000000000000E+000   31.2500000000000     
         251  -6.25000000000000        37.5000000000000     
         252  -6.25000000000000        31.2500000000000     
         253   12.5000000000000        31.2500000000000     
         254   6.25000000000000        37.5000000000000     
         255   6.25000000000000        31.2500000000000     
         256   25.0000000000000        31.2500000000000     
         257   18.7500000000000        37.5000000000000     
         258   18.7500000000000        31.2500000000000     
         259   37.5000000000000        31.2500000000000     
         260   31.2500000000000        37.5000000000000     
         261   31.2500000000000        31.2500000000000     
         262   50.0000000000000        31.2500000000000     
         263   43.7500000000000        37.5000000000000     
         264   43.7500000000000        31.2500000000000     
         265  -37.5000000000000        43.7500000000000     
         266  -50.0000000000000        43.7500000000000     
         267  -43.7500000000000        50.0000000000000     
         268  -43.7500000000000        43.7500000000000     
         269  -25.0000000000000        43.7500000000000     
         270  -31.2500000000000        50.0000000000000     
         271  -31.2500000000000        43.7500000000000     
         272  -12.5000000000000        43.7500000000000     
         273  -18.7500000000000        50.0000000000000     
         274  -18.7500000000000        43.7500000000000     
         275  0.000000000000000E+000   43.7500000000000     
         276  -6.25000000000000        50.0000000000000     
         277  -6.25000000000000        43.7500000000000     
         278   12.5000000000000        43.7500000000000     
         279   6.25000000000000        50.0000000000000     
         280   6.25000000000000        43.7500000000000     
         281   25.0000000000000        43.7500000000000     
         282   18.7500000000000        50.0000000000000     
         283   18.7500000000000        43.7500000000000     
         284   37.5000000000000        43.7500000000000     
         285   31.2500000000000        50.0000000000000     
         286   31.2500000000000        43.7500000000000     
         287   50.0000000000000        43.7500000000000     
         288   43.7500000000000        50.0000000000000     
         289   43.7500000000000        43.7500000000000     
